Linux 6.2.0-1011-aws (ip-172-31-18-211) 	09/13/23 	_x86_64_	(8 CPU)

11:27:43        CPU     %user     %nice   %system   %iowait    %steal     %idle
11:27:44        all      0.00      0.00      0.00      0.00      0.00    100.00
11:27:44          0      0.00      0.00      0.00      0.00      0.00    100.00
11:27:44          1      0.00      0.00      0.00      0.00      0.00    100.00
11:27:44          2      0.00      0.00      0.00      0.00      0.00    100.00
11:27:44          3      0.00      0.00      0.00      0.00      0.00    100.00
11:27:44          4      0.00      0.00      0.00      0.00      0.00    100.00
11:27:44          5      0.00      0.00      0.00      0.00      0.00    100.00
11:27:44          6      0.00      0.00      0.00      0.00      0.00    100.00
11:27:44          7      0.00      0.00      0.00      0.00      0.00    100.00

11:27:44        CPU     %user     %nice   %system   %iowait    %steal     %idle
11:27:45        all      0.00      0.00      0.00      0.00      0.00    100.00
11:27:45          0      0.00      0.00      0.00      0.00      0.00    100.00
11:27:45          1      0.00      0.00      0.00      0.00      0.00    100.00
11:27:45          2      0.00      0.00      0.00      0.00      0.00    100.00
11:27:45          3      0.00      0.00      0.00      0.00      0.00    100.00
11:27:45          4      0.00      0.00      0.00      0.00      0.00    100.00
11:27:45          5      0.00      0.00      0.00      0.00      0.00    100.00
11:27:45          6      0.00      0.00      0.00      0.00      0.00    100.00
11:27:45          7      0.00      0.00      0.00      0.00      0.00    100.00


Average:        CPU     %user     %nice   %system   %iowait    %steal     %idle
Average:        all      0.00      0.00      0.00      0.00      0.00    100.00
Average:          0      0.00      0.00      0.00      0.00      0.00    100.00
Average:          1      0.00      0.00      0.00      0.00      0.00    100.00
Average:          2      0.00      0.00      0.00      0.00      0.00    100.00
Average:          3      0.00      0.00      0.00      0.00      0.00    100.00
Average:          4      0.00      0.00      0.00      0.00      0.00    100.00
Average:          5      0.00      0.00      0.00      0.00      0.00    100.00
Average:          6      0.00      0.00      0.00      0.00      0.00    100.00
Average:          7      0.00      0.00      0.00      0.00      0.00    100.00
